v2,V(vgs),Id(J1)
-6.000000000000000e+000,-6.000000e+000,1.601000e-011
-5.990000000000000e+000,-5.990000e+000,1.600000e-011
-5.980000000000000e+000,-5.980000e+000,1.599000e-011
-5.970000000000001e+000,-5.970000e+000,1.598000e-011
-5.960000000000001e+000,-5.960000e+000,1.597000e-011
-5.950000000000001e+000,-5.950000e+000,1.596000e-011
-5.940000000000001e+000,-5.940000e+000,1.595000e-011
-5.930000000000002e+000,-5.930000e+000,1.594000e-011
-5.920000000000002e+000,-5.920000e+000,1.593000e-011
-5.910000000000002e+000,-5.910000e+000,1.592000e-011
-5.900000000000002e+000,-5.900000e+000,1.591000e-011
-5.890000000000002e+000,-5.890000e+000,1.590000e-011
-5.880000000000003e+000,-5.880000e+000,1.589000e-011
-5.870000000000003e+000,-5.870000e+000,1.588000e-011
-5.860000000000003e+000,-5.860000e+000,1.587000e-011
-5.850000000000003e+000,-5.850000e+000,1.586000e-011
-5.840000000000003e+000,-5.840000e+000,1.585000e-011
-5.830000000000004e+000,-5.830000e+000,1.584000e-011
-5.820000000000004e+000,-5.820000e+000,1.583000e-011
-5.810000000000004e+000,-5.810000e+000,1.582000e-011
-5.800000000000004e+000,-5.800000e+000,1.581000e-011
-5.790000000000005e+000,-5.790000e+000,1.580000e-011
-5.780000000000005e+000,-5.780000e+000,1.579000e-011
-5.770000000000005e+000,-5.770000e+000,1.578000e-011
-5.760000000000005e+000,-5.760000e+000,1.577000e-011
-5.750000000000005e+000,-5.750000e+000,1.576000e-011
-5.740000000000006e+000,-5.740000e+000,1.575000e-011
-5.730000000000006e+000,-5.730000e+000,1.574000e-011
-5.720000000000006e+000,-5.720000e+000,1.573000e-011
-5.710000000000006e+000,-5.710000e+000,1.572000e-011
-5.700000000000006e+000,-5.700000e+000,1.571000e-011
-5.690000000000007e+000,-5.690000e+000,1.570000e-011
-5.680000000000007e+000,-5.680000e+000,1.569000e-011
-5.670000000000007e+000,-5.670000e+000,1.568000e-011
-5.660000000000007e+000,-5.660000e+000,1.567000e-011
-5.650000000000008e+000,-5.650000e+000,1.566000e-011
-5.640000000000008e+000,-5.640000e+000,1.565000e-011
-5.630000000000008e+000,-5.630000e+000,1.564000e-011
-5.620000000000008e+000,-5.620000e+000,1.563000e-011
-5.610000000000008e+000,-5.610000e+000,1.562000e-011
-5.600000000000009e+000,-5.600000e+000,1.561000e-011
-5.590000000000009e+000,-5.590000e+000,1.560000e-011
-5.580000000000009e+000,-5.580000e+000,1.559000e-011
-5.570000000000009e+000,-5.570000e+000,1.558000e-011
-5.560000000000009e+000,-5.560000e+000,1.557000e-011
-5.550000000000010e+000,-5.550000e+000,1.556000e-011
-5.540000000000010e+000,-5.540000e+000,1.555000e-011
-5.530000000000010e+000,-5.530000e+000,1.554000e-011
-5.520000000000010e+000,-5.520000e+000,1.553000e-011
-5.510000000000010e+000,-5.510000e+000,1.552000e-011
-5.500000000000011e+000,-5.500000e+000,1.551000e-011
-5.490000000000011e+000,-5.490000e+000,1.550000e-011
-5.480000000000011e+000,-5.480000e+000,1.549000e-011
-5.470000000000011e+000,-5.470000e+000,1.548000e-011
-5.460000000000012e+000,-5.460000e+000,1.547000e-011
-5.450000000000012e+000,-5.450000e+000,1.546000e-011
-5.440000000000012e+000,-5.440000e+000,1.545000e-011
-5.430000000000012e+000,-5.430000e+000,1.544000e-011
-5.420000000000012e+000,-5.420000e+000,1.543000e-011
-5.410000000000013e+000,-5.410000e+000,1.542000e-011
-5.400000000000013e+000,-5.400000e+000,1.541000e-011
-5.390000000000013e+000,-5.390000e+000,1.540000e-011
-5.380000000000013e+000,-5.380000e+000,1.539000e-011
-5.370000000000013e+000,-5.370000e+000,1.538000e-011
-5.360000000000014e+000,-5.360000e+000,1.537000e-011
-5.350000000000014e+000,-5.350000e+000,1.536000e-011
-5.340000000000014e+000,-5.340000e+000,1.535000e-011
-5.330000000000014e+000,-5.330000e+000,1.534000e-011
-5.320000000000015e+000,-5.320000e+000,1.533000e-011
-5.310000000000015e+000,-5.310000e+000,1.532000e-011
-5.300000000000015e+000,-5.300000e+000,1.531000e-011
-5.290000000000015e+000,-5.290000e+000,1.530000e-011
-5.280000000000015e+000,-5.280000e+000,1.529000e-011
-5.270000000000016e+000,-5.270000e+000,1.528000e-011
-5.260000000000016e+000,-5.260000e+000,1.527000e-011
-5.250000000000016e+000,-5.250000e+000,1.526000e-011
-5.240000000000016e+000,-5.240000e+000,1.525000e-011
-5.230000000000016e+000,-5.230000e+000,1.524000e-011
-5.220000000000017e+000,-5.220000e+000,1.523000e-011
-5.210000000000017e+000,-5.210000e+000,1.522000e-011
-5.200000000000017e+000,-5.200000e+000,1.521000e-011
-5.190000000000017e+000,-5.190000e+000,1.520000e-011
-5.180000000000018e+000,-5.180000e+000,1.519000e-011
-5.170000000000018e+000,-5.170000e+000,1.518000e-011
-5.160000000000018e+000,-5.160000e+000,1.517000e-011
-5.150000000000018e+000,-5.150000e+000,1.516000e-011
-5.140000000000018e+000,-5.140000e+000,1.515000e-011
-5.130000000000019e+000,-5.130000e+000,1.514000e-011
-5.120000000000019e+000,-5.120000e+000,1.513000e-011
-5.110000000000019e+000,-5.110000e+000,1.512000e-011
-5.100000000000019e+000,-5.100000e+000,1.511000e-011
-5.090000000000019e+000,-5.090000e+000,1.510000e-011
-5.080000000000020e+000,-5.080000e+000,1.509000e-011
-5.070000000000020e+000,-5.070000e+000,1.508000e-011
-5.060000000000020e+000,-5.060000e+000,1.507000e-011
-5.050000000000020e+000,-5.050000e+000,1.506000e-011
-5.040000000000021e+000,-5.040000e+000,1.505000e-011
-5.030000000000021e+000,-5.030000e+000,1.504000e-011
-5.020000000000021e+000,-5.020000e+000,1.503000e-011
-5.010000000000021e+000,-5.010000e+000,1.502000e-011
-5.000000000000021e+000,-5.000000e+000,1.501000e-011
-4.990000000000022e+000,-4.990000e+000,1.500000e-011
-4.980000000000022e+000,-4.980000e+000,1.499000e-011
-4.970000000000022e+000,-4.970000e+000,1.498000e-011
-4.960000000000022e+000,-4.960000e+000,1.497000e-011
-4.950000000000022e+000,-4.950000e+000,1.496000e-011
-4.940000000000023e+000,-4.940000e+000,1.495000e-011
-4.930000000000023e+000,-4.930000e+000,1.494000e-011
-4.920000000000023e+000,-4.920000e+000,1.493000e-011
-4.910000000000023e+000,-4.910000e+000,1.492000e-011
-4.900000000000023e+000,-4.900000e+000,1.491000e-011
-4.890000000000024e+000,-4.890000e+000,1.490000e-011
-4.880000000000024e+000,-4.880000e+000,1.489000e-011
-4.870000000000024e+000,-4.870000e+000,1.488000e-011
-4.860000000000024e+000,-4.860000e+000,1.487000e-011
-4.850000000000025e+000,-4.850000e+000,1.486000e-011
-4.840000000000025e+000,-4.840000e+000,1.485000e-011
-4.830000000000025e+000,-4.830000e+000,1.484000e-011
-4.820000000000025e+000,-4.820000e+000,1.483000e-011
-4.810000000000025e+000,-4.810000e+000,1.482000e-011
-4.800000000000026e+000,-4.800000e+000,1.481000e-011
-4.790000000000026e+000,-4.790000e+000,1.480000e-011
-4.780000000000026e+000,-4.780000e+000,1.479000e-011
-4.770000000000026e+000,-4.770000e+000,1.478000e-011
-4.760000000000026e+000,-4.760000e+000,1.477000e-011
-4.750000000000027e+000,-4.750000e+000,1.476000e-011
-4.740000000000027e+000,-4.740000e+000,1.475000e-011
-4.730000000000027e+000,-4.730000e+000,1.474000e-011
-4.720000000000027e+000,-4.720000e+000,1.473000e-011
-4.710000000000028e+000,-4.710000e+000,1.472000e-011
-4.700000000000028e+000,-4.700000e+000,1.471000e-011
-4.690000000000028e+000,-4.690000e+000,1.470000e-011
-4.680000000000028e+000,-4.680000e+000,1.469000e-011
-4.670000000000028e+000,-4.670000e+000,1.468000e-011
-4.660000000000029e+000,-4.660000e+000,1.467000e-011
-4.650000000000029e+000,-4.650000e+000,1.466000e-011
-4.640000000000029e+000,-4.640000e+000,1.465000e-011
-4.630000000000029e+000,-4.630000e+000,1.464000e-011
-4.620000000000029e+000,-4.620000e+000,1.463000e-011
-4.610000000000030e+000,-4.610000e+000,1.462000e-011
-4.600000000000030e+000,-4.600000e+000,1.461000e-011
-4.590000000000030e+000,-4.590000e+000,1.460000e-011
-4.580000000000030e+000,-4.580000e+000,1.459000e-011
-4.570000000000031e+000,-4.570000e+000,1.458000e-011
-4.560000000000031e+000,-4.560000e+000,1.457000e-011
-4.550000000000031e+000,-4.550000e+000,1.456000e-011
-4.540000000000031e+000,-4.540000e+000,1.455000e-011
-4.530000000000031e+000,-4.530000e+000,1.454000e-011
-4.520000000000032e+000,-4.520000e+000,1.453000e-011
-4.510000000000032e+000,-4.510000e+000,1.452000e-011
-4.500000000000032e+000,-4.500000e+000,1.451000e-011
-4.490000000000032e+000,-4.490000e+000,1.450000e-011
-4.480000000000032e+000,-4.480000e+000,1.449000e-011
-4.470000000000033e+000,-4.470000e+000,1.448000e-011
-4.460000000000033e+000,-4.460000e+000,1.447000e-011
-4.450000000000033e+000,-4.450000e+000,1.446000e-011
-4.440000000000033e+000,-4.440000e+000,1.445000e-011
-4.430000000000034e+000,-4.430000e+000,1.444000e-011
-4.420000000000034e+000,-4.420000e+000,1.443000e-011
-4.410000000000034e+000,-4.410000e+000,1.442000e-011
-4.400000000000034e+000,-4.400000e+000,1.441000e-011
-4.390000000000034e+000,-4.390000e+000,1.440000e-011
-4.380000000000035e+000,-4.380000e+000,1.439000e-011
-4.370000000000035e+000,-4.370000e+000,1.438000e-011
-4.360000000000035e+000,-4.360000e+000,1.437000e-011
-4.350000000000035e+000,-4.350000e+000,1.436000e-011
-4.340000000000035e+000,-4.340000e+000,1.435000e-011
-4.330000000000036e+000,-4.330000e+000,1.434000e-011
-4.320000000000036e+000,-4.320000e+000,1.433000e-011
-4.310000000000036e+000,-4.310000e+000,1.432000e-011
-4.300000000000036e+000,-4.300000e+000,1.431000e-011
-4.290000000000037e+000,-4.290000e+000,1.430000e-011
-4.280000000000037e+000,-4.280000e+000,1.429000e-011
-4.270000000000037e+000,-4.270000e+000,1.428000e-011
-4.260000000000037e+000,-4.260000e+000,1.427000e-011
-4.250000000000037e+000,-4.250000e+000,1.426000e-011
-4.240000000000038e+000,-4.240000e+000,1.425000e-011
-4.230000000000038e+000,-4.230000e+000,1.424000e-011
-4.220000000000038e+000,-4.220000e+000,1.423000e-011
-4.210000000000038e+000,-4.210000e+000,1.422000e-011
-4.200000000000038e+000,-4.200000e+000,1.421000e-011
-4.190000000000039e+000,-4.190000e+000,1.420000e-011
-4.180000000000039e+000,-4.180000e+000,1.419000e-011
-4.170000000000039e+000,-4.170000e+000,1.418000e-011
-4.160000000000039e+000,-4.160000e+000,1.417000e-011
-4.150000000000039e+000,-4.150000e+000,1.416000e-011
-4.140000000000040e+000,-4.140000e+000,1.415000e-011
-4.130000000000040e+000,-4.130000e+000,1.414000e-011
-4.120000000000040e+000,-4.120000e+000,1.413000e-011
-4.110000000000040e+000,-4.110000e+000,1.412000e-011
-4.100000000000041e+000,-4.100000e+000,1.411000e-011
-4.090000000000041e+000,-4.090000e+000,1.410000e-011
-4.080000000000041e+000,-4.080000e+000,1.409000e-011
-4.070000000000041e+000,-4.070000e+000,1.408000e-011
-4.060000000000041e+000,-4.060000e+000,1.407000e-011
-4.050000000000042e+000,-4.050000e+000,1.406000e-011
-4.040000000000042e+000,-4.040000e+000,1.405000e-011
-4.030000000000042e+000,-4.030000e+000,1.404000e-011
-4.020000000000042e+000,-4.020000e+000,1.403000e-011
-4.010000000000042e+000,-4.010000e+000,1.402000e-011
-4.000000000000043e+000,-4.000000e+000,1.401000e-011
-3.990000000000043e+000,-3.990000e+000,1.400000e-011
-3.980000000000043e+000,-3.980000e+000,1.399000e-011
-3.970000000000043e+000,-3.970000e+000,1.398000e-011
-3.960000000000044e+000,-3.960000e+000,1.397000e-011
-3.950000000000044e+000,-3.950000e+000,1.396000e-011
-3.940000000000044e+000,-3.940000e+000,1.395000e-011
-3.930000000000044e+000,-3.930000e+000,1.394000e-011
-3.920000000000044e+000,-3.920000e+000,1.393000e-011
-3.910000000000045e+000,-3.910000e+000,1.392000e-011
-3.900000000000045e+000,-3.900000e+000,1.391000e-011
-3.890000000000045e+000,-3.890000e+000,1.390000e-011
-3.880000000000045e+000,-3.880000e+000,1.389000e-011
-3.870000000000045e+000,-3.870000e+000,1.388000e-011
-3.860000000000046e+000,-3.860000e+000,1.387000e-011
-3.850000000000046e+000,-3.850000e+000,1.386000e-011
-3.840000000000046e+000,-3.840000e+000,1.385000e-011
-3.830000000000046e+000,-3.830000e+000,1.384000e-011
-3.820000000000047e+000,-3.820000e+000,1.383000e-011
-3.810000000000047e+000,-3.810000e+000,1.382000e-011
-3.800000000000047e+000,-3.800000e+000,1.381000e-011
-3.790000000000047e+000,-3.790000e+000,1.380000e-011
-3.780000000000047e+000,-3.780000e+000,1.379000e-011
-3.770000000000048e+000,-3.770000e+000,1.378000e-011
-3.760000000000048e+000,-3.760000e+000,1.377000e-011
-3.750000000000048e+000,-3.750000e+000,1.376000e-011
-3.740000000000048e+000,-3.740000e+000,1.375000e-011
-3.730000000000048e+000,-3.730000e+000,1.374000e-011
-3.720000000000049e+000,-3.720000e+000,1.373000e-011
-3.710000000000049e+000,-3.710000e+000,1.372000e-011
-3.700000000000049e+000,-3.700000e+000,1.371000e-011
-3.690000000000049e+000,-3.690000e+000,1.370000e-011
-3.680000000000050e+000,-3.680000e+000,1.369000e-011
-3.670000000000050e+000,-3.670000e+000,1.368000e-011
-3.660000000000050e+000,-3.660000e+000,1.367000e-011
-3.650000000000050e+000,-3.650000e+000,1.366000e-011
-3.640000000000050e+000,-3.640000e+000,1.365000e-011
-3.630000000000051e+000,-3.630000e+000,1.364000e-011
-3.620000000000051e+000,-3.620000e+000,1.363000e-011
-3.610000000000051e+000,-3.610000e+000,1.362000e-011
-3.600000000000051e+000,-3.600000e+000,1.361000e-011
-3.590000000000051e+000,-3.590000e+000,1.360000e-011
-3.580000000000052e+000,-3.580000e+000,1.359000e-011
-3.570000000000052e+000,-3.570000e+000,1.358000e-011
-3.560000000000052e+000,-3.560000e+000,1.357000e-011
-3.550000000000052e+000,-3.550000e+000,1.356000e-011
-3.540000000000052e+000,-3.540000e+000,1.355000e-011
-3.530000000000053e+000,-3.530000e+000,1.354000e-011
-3.520000000000053e+000,-3.520000e+000,1.353000e-011
-3.510000000000053e+000,-3.510000e+000,1.352000e-011
-3.500000000000053e+000,-3.500000e+000,1.351000e-011
-3.490000000000054e+000,-3.490000e+000,1.350000e-011
-3.480000000000054e+000,-3.480000e+000,1.349000e-011
-3.470000000000054e+000,-3.470000e+000,1.348000e-011
-3.460000000000054e+000,-3.460000e+000,1.347000e-011
-3.450000000000054e+000,-3.450000e+000,1.346000e-011
-3.440000000000055e+000,-3.440000e+000,1.345000e-011
-3.430000000000055e+000,-3.430000e+000,1.344000e-011
-3.420000000000055e+000,-3.420000e+000,1.343000e-011
-3.410000000000055e+000,-3.410000e+000,1.342000e-011
-3.400000000000055e+000,-3.400000e+000,1.341000e-011
-3.390000000000056e+000,-3.390000e+000,1.340000e-011
-3.380000000000056e+000,-3.380000e+000,1.339000e-011
-3.370000000000056e+000,-3.370000e+000,1.338000e-011
-3.360000000000056e+000,-3.360000e+000,1.337000e-011
-3.350000000000057e+000,-3.350000e+000,1.336000e-011
-3.340000000000057e+000,-3.340000e+000,1.335000e-011
-3.330000000000057e+000,-3.330000e+000,1.334000e-011
-3.320000000000057e+000,-3.320000e+000,1.333000e-011
-3.310000000000057e+000,-3.310000e+000,1.332000e-011
-3.300000000000058e+000,-3.300000e+000,1.331000e-011
-3.290000000000058e+000,-3.290000e+000,1.330000e-011
-3.280000000000058e+000,-3.280000e+000,1.329000e-011
-3.270000000000058e+000,-3.270000e+000,1.328000e-011
-3.260000000000058e+000,-3.260000e+000,1.327000e-011
-3.250000000000059e+000,-3.250000e+000,1.326000e-011
-3.240000000000059e+000,-3.240000e+000,1.325000e-011
-3.230000000000059e+000,-3.230000e+000,1.324000e-011
-3.220000000000059e+000,-3.220000e+000,1.323000e-011
-3.210000000000060e+000,-3.210000e+000,1.322000e-011
-3.200000000000060e+000,-3.200000e+000,1.321000e-011
-3.190000000000060e+000,-3.190000e+000,1.320000e-011
-3.180000000000060e+000,-3.180000e+000,1.319000e-011
-3.170000000000060e+000,-3.170000e+000,1.318000e-011
-3.160000000000061e+000,-3.160000e+000,1.317000e-011
-3.150000000000061e+000,-3.150000e+000,1.316000e-011
-3.140000000000061e+000,-3.140000e+000,1.315000e-011
-3.130000000000061e+000,-3.130000e+000,1.314000e-011
-3.120000000000061e+000,-3.120000e+000,1.313000e-011
-3.110000000000062e+000,-3.110000e+000,1.312000e-011
-3.100000000000062e+000,-3.100000e+000,1.311000e-011
-3.090000000000062e+000,-3.090000e+000,1.310000e-011
-3.080000000000062e+000,-3.080000e+000,1.309000e-011
-3.070000000000063e+000,-3.070000e+000,1.308000e-011
-3.060000000000063e+000,-3.060000e+000,1.307000e-011
-3.050000000000063e+000,-3.050000e+000,1.306000e-011
-3.040000000000063e+000,-3.040000e+000,1.305000e-011
-3.030000000000063e+000,-3.030000e+000,1.304000e-011
-3.020000000000064e+000,-3.020000e+000,1.303000e-011
-3.010000000000064e+000,-3.010000e+000,1.302000e-011
-3.000000000000064e+000,-3.000000e+000,1.301000e-011
-2.990000000000064e+000,-2.990000e+000,1.300000e-011
-2.980000000000064e+000,-2.980000e+000,1.299000e-011
-2.970000000000065e+000,-2.970000e+000,1.298000e-011
-2.960000000000065e+000,-2.960000e+000,1.297000e-011
-2.950000000000065e+000,-2.950000e+000,1.296000e-011
-2.940000000000065e+000,-2.940000e+000,1.295000e-011
-2.930000000000065e+000,-2.930000e+000,1.294000e-011
-2.920000000000066e+000,-2.920000e+000,1.293000e-011
-2.910000000000066e+000,-2.910000e+000,1.292000e-011
-2.900000000000066e+000,-2.900000e+000,1.291000e-011
-2.890000000000066e+000,-2.890000e+000,1.290000e-011
-2.880000000000067e+000,-2.880000e+000,1.289000e-011
-2.870000000000067e+000,-2.870000e+000,1.288000e-011
-2.860000000000067e+000,-2.860000e+000,1.287000e-011
-2.850000000000067e+000,-2.850000e+000,1.286000e-011
-2.840000000000067e+000,-2.840000e+000,1.285000e-011
-2.830000000000068e+000,-2.830000e+000,1.284000e-011
-2.820000000000068e+000,-2.820000e+000,1.283000e-011
-2.810000000000068e+000,-2.810000e+000,1.282000e-011
-2.800000000000068e+000,-2.800000e+000,1.281000e-011
-2.790000000000068e+000,-2.790000e+000,1.280000e-011
-2.780000000000069e+000,-2.780000e+000,1.279000e-011
-2.770000000000069e+000,-2.770000e+000,1.278000e-011
-2.760000000000069e+000,-2.760000e+000,1.277000e-011
-2.750000000000069e+000,-2.750000e+000,1.276000e-011
-2.740000000000070e+000,-2.740000e+000,1.275000e-011
-2.730000000000070e+000,-2.730000e+000,1.274000e-011
-2.720000000000070e+000,-2.720000e+000,1.273000e-011
-2.710000000000070e+000,-2.710000e+000,1.272000e-011
-2.700000000000070e+000,-2.700000e+000,1.271000e-011
-2.690000000000071e+000,-2.690000e+000,1.270000e-011
-2.680000000000071e+000,-2.680000e+000,1.269000e-011
-2.670000000000071e+000,-2.670000e+000,1.268000e-011
-2.660000000000071e+000,-2.660000e+000,1.267000e-011
-2.650000000000071e+000,-2.650000e+000,1.266000e-011
-2.640000000000072e+000,-2.640000e+000,1.265000e-011
-2.630000000000072e+000,-2.630000e+000,1.264000e-011
-2.620000000000072e+000,-2.620000e+000,1.263000e-011
-2.610000000000072e+000,-2.610000e+000,1.262000e-011
-2.600000000000073e+000,-2.600000e+000,1.261000e-011
-2.590000000000073e+000,-2.590000e+000,1.260000e-011
-2.580000000000073e+000,-2.580000e+000,1.259000e-011
-2.570000000000073e+000,-2.570000e+000,1.258000e-011
-2.560000000000073e+000,-2.560000e+000,1.257000e-011
-2.550000000000074e+000,-2.550000e+000,1.256000e-011
-2.540000000000074e+000,-2.540000e+000,1.255000e-011
-2.530000000000074e+000,-2.530000e+000,1.254000e-011
-2.520000000000074e+000,-2.520000e+000,1.253000e-011
-2.510000000000074e+000,-2.510000e+000,1.252000e-011
-2.500000000000075e+000,-2.500000e+000,1.251000e-011
-2.490000000000075e+000,-2.490000e+000,1.250000e-011
-2.480000000000075e+000,-2.480000e+000,1.249000e-011
-2.470000000000075e+000,-2.470000e+000,1.248000e-011
-2.460000000000076e+000,-2.460000e+000,1.247000e-011
-2.450000000000076e+000,-2.450000e+000,1.246000e-011
-2.440000000000076e+000,-2.440000e+000,1.245000e-011
-2.430000000000076e+000,-2.430000e+000,1.244000e-011
-2.420000000000076e+000,-2.420000e+000,1.243000e-011
-2.410000000000077e+000,-2.410000e+000,1.242000e-011
-2.400000000000077e+000,-2.400000e+000,1.241000e-011
-2.390000000000077e+000,-2.390000e+000,1.240000e-011
-2.380000000000077e+000,-2.380000e+000,1.239000e-011
-2.370000000000077e+000,-2.370000e+000,1.238000e-011
-2.360000000000078e+000,-2.360000e+000,1.237000e-011
-2.350000000000078e+000,-2.350000e+000,1.236000e-011
-2.340000000000078e+000,-2.340000e+000,1.235000e-011
-2.330000000000078e+000,-2.330000e+000,1.234000e-011
-2.320000000000078e+000,-2.320000e+000,1.233000e-011
-2.310000000000079e+000,-2.310000e+000,1.232000e-011
-2.300000000000079e+000,-2.300000e+000,1.231000e-011
-2.290000000000079e+000,-2.290000e+000,1.230000e-011
-2.280000000000079e+000,-2.280000e+000,1.229000e-011
-2.270000000000080e+000,-2.270000e+000,1.228000e-011
-2.260000000000080e+000,-2.260000e+000,1.227000e-011
-2.250000000000080e+000,-2.250000e+000,1.226000e-011
-2.240000000000080e+000,-2.240000e+000,1.225000e-011
-2.230000000000080e+000,-2.230000e+000,1.224000e-011
-2.220000000000081e+000,-2.220000e+000,1.223000e-011
-2.210000000000081e+000,-2.210000e+000,1.222000e-011
-2.200000000000081e+000,-2.200000e+000,1.221000e-011
-2.190000000000081e+000,-2.190000e+000,1.220000e-011
-2.180000000000081e+000,-2.180000e+000,1.219000e-011
-2.170000000000082e+000,-2.170000e+000,1.218000e-011
-2.160000000000082e+000,-2.160000e+000,1.217000e-011
-2.150000000000082e+000,-2.150000e+000,1.216000e-011
-2.140000000000082e+000,-2.140000e+000,1.215000e-011
-2.130000000000083e+000,-2.130000e+000,1.214000e-011
-2.120000000000083e+000,-2.120000e+000,1.213000e-011
-2.110000000000083e+000,-2.110000e+000,1.212000e-011
-2.100000000000083e+000,-2.100000e+000,1.211000e-011
-2.090000000000083e+000,-2.090000e+000,1.210000e-011
-2.080000000000084e+000,-2.080000e+000,1.209000e-011
-2.070000000000084e+000,-2.070000e+000,1.208000e-011
-2.060000000000084e+000,-2.060000e+000,1.207000e-011
-2.050000000000084e+000,-2.050000e+000,1.206000e-011
-2.040000000000084e+000,-2.040000e+000,1.205000e-011
-2.030000000000085e+000,-2.030000e+000,1.204000e-011
-2.020000000000085e+000,-2.020000e+000,1.203000e-011
-2.010000000000085e+000,-2.010000e+000,1.202000e-011
-2.000000000000085e+000,-2.000000e+000,1.201000e-011
-1.990000000000085e+000,-1.990000e+000,1.200000e-011
-1.980000000000085e+000,-1.980000e+000,1.199000e-011
-1.970000000000085e+000,-1.970000e+000,1.198000e-011
-1.960000000000085e+000,-1.960000e+000,1.197000e-011
-1.950000000000085e+000,-1.950000e+000,1.196000e-011
-1.940000000000085e+000,-1.940000e+000,1.195000e-011
-1.930000000000085e+000,-1.930000e+000,1.194000e-011
-1.920000000000085e+000,-1.920000e+000,1.193000e-011
-1.910000000000085e+000,-1.910000e+000,1.192000e-011
-1.900000000000085e+000,-1.900000e+000,1.191000e-011
-1.890000000000085e+000,-1.890000e+000,1.190000e-011
-1.880000000000085e+000,-1.880000e+000,1.189000e-011
-1.870000000000085e+000,-1.870000e+000,1.188000e-011
-1.860000000000085e+000,-1.860000e+000,1.187000e-011
-1.850000000000085e+000,-1.850000e+000,1.186000e-011
-1.840000000000085e+000,-1.840000e+000,1.185000e-011
-1.830000000000085e+000,-1.830000e+000,1.184000e-011
-1.820000000000085e+000,-1.820000e+000,1.183000e-011
-1.810000000000085e+000,-1.810000e+000,1.182000e-011
-1.800000000000085e+000,-1.800000e+000,1.181000e-011
-1.790000000000085e+000,-1.790000e+000,1.180000e-011
-1.780000000000085e+000,-1.780000e+000,1.179000e-011
-1.770000000000085e+000,-1.770000e+000,1.178000e-011
-1.760000000000085e+000,-1.760000e+000,1.177000e-011
-1.750000000000085e+000,-1.750000e+000,1.176000e-011
-1.740000000000085e+000,-1.740000e+000,1.181530e-011
-1.730000000000085e+000,-1.730000e+000,1.200120e-011
-1.720000000000085e+000,-1.720000e+000,1.231770e-011
-1.710000000000085e+000,-1.710000e+000,1.276480e-011
-1.700000000000085e+000,-1.700000e+000,1.334250e-011
-1.690000000000085e+000,-1.690000e+000,1.405080e-011
-1.680000000000085e+000,-1.680000e+000,1.488970e-011
-1.670000000000085e+000,-1.670000e+000,1.585920e-011
-1.660000000000085e+000,-1.660000e+000,1.695930e-011
-1.650000000000085e+000,-1.650000e+000,1.819000e-011
-1.640000000000085e+000,-1.640000e+000,1.955130e-011
-1.630000000000085e+000,-1.630000e+000,2.104320e-011
-1.620000000000085e+000,-1.620000e+000,2.266570e-011
-1.610000000000085e+000,-1.610000e+000,2.441880e-011
-1.600000000000085e+000,-1.600000e+000,2.630250e-011
-1.590000000000085e+000,-1.590000e+000,2.831680e-011
-1.580000000000085e+000,-1.580000e+000,3.046170e-011
-1.570000000000085e+000,-1.570000e+000,3.273720e-011
-1.560000000000085e+000,-1.560000e+000,3.514330e-011
-1.550000000000085e+000,-1.550000e+000,3.768000e-011
-1.540000000000085e+000,-1.540000e+000,4.034730e-011
-1.530000000000085e+000,-1.530000e+000,4.314520e-011
-1.520000000000085e+000,-1.520000e+000,4.607370e-011
-1.510000000000085e+000,-1.510000e+000,4.913280e-011
-1.500000000000085e+000,-1.500000e+000,5.232250e-011
-1.490000000000085e+000,-1.490000e+000,5.564280e-011
-1.480000000000085e+000,-1.480000e+000,5.909370e-011
-1.470000000000085e+000,-1.470000e+000,6.267520e-011
-1.460000000000085e+000,-1.460000e+000,6.638730e-011
-1.450000000000085e+000,-1.450000e+000,7.023000e-011
-1.440000000000085e+000,-1.440000e+000,7.420330e-011
-1.430000000000085e+000,-1.430000e+000,7.830720e-011
-1.420000000000085e+000,-1.420000e+000,8.254170e-011
-1.410000000000085e+000,-1.410000e+000,8.690680e-011
-1.400000000000085e+000,-1.400000e+000,9.140250e-011
-1.390000000000085e+000,-1.390000e+000,9.602880e-011
-1.380000000000085e+000,-1.380000e+000,1.007857e-010
-1.370000000000085e+000,-1.370000e+000,1.056732e-010
-1.360000000000085e+000,-1.360000e+000,1.106913e-010
-1.350000000000085e+000,-1.350000e+000,1.158400e-010
-1.340000000000085e+000,-1.340000e+000,1.211193e-010
-1.330000000000085e+000,-1.330000e+000,1.265292e-010
-1.320000000000085e+000,-1.320000e+000,1.320697e-010
-1.310000000000085e+000,-1.310000e+000,1.377408e-010
-1.300000000000085e+000,-1.300000e+000,1.435425e-010
-1.290000000000085e+000,-1.290000e+000,1.494748e-010
-1.280000000000085e+000,-1.280000e+000,1.555377e-010
-1.270000000000085e+000,-1.270000e+000,1.617312e-010
-1.260000000000085e+000,-1.260000e+000,1.680553e-010
-1.250000000000085e+000,-1.250000e+000,1.745100e-010
-1.240000000000085e+000,-1.240000e+000,1.810953e-010
-1.230000000000085e+000,-1.230000e+000,1.878112e-010
-1.220000000000085e+000,-1.220000e+000,1.946577e-010
-1.210000000000085e+000,-1.210000e+000,2.016348e-010
-1.200000000000085e+000,-1.200000e+000,2.087425e-010
-1.190000000000085e+000,-1.190000e+000,2.159808e-010
-1.180000000000085e+000,-1.180000e+000,2.233497e-010
-1.170000000000085e+000,-1.170000e+000,2.308492e-010
-1.160000000000085e+000,-1.160000e+000,2.384793e-010
-1.150000000000085e+000,-1.150000e+000,2.462400e-010
-1.140000000000085e+000,-1.140000e+000,2.541313e-010
-1.130000000000085e+000,-1.130000e+000,2.621532e-010
-1.120000000000085e+000,-1.120000e+000,2.703057e-010
-1.110000000000085e+000,-1.110000e+000,2.785888e-010
-1.100000000000085e+000,-1.100000e+000,2.870025e-010
-1.090000000000085e+000,-1.090000e+000,2.955468e-010
-1.080000000000084e+000,-1.080000e+000,3.042217e-010
-1.070000000000084e+000,-1.070000e+000,3.130272e-010
-1.060000000000084e+000,-1.060000e+000,3.219633e-010
-1.050000000000084e+000,-1.050000e+000,3.310300e-010
-1.040000000000084e+000,-1.040000e+000,3.402273e-010
-1.030000000000084e+000,-1.030000e+000,3.495552e-010
-1.020000000000084e+000,-1.020000e+000,3.590137e-010
-1.010000000000084e+000,-1.010000e+000,3.686028e-010
-1.000000000000084e+000,-1.000000e+000,3.783225e-010
-9.900000000000844e-001,-9.900000e-001,3.881728e-010
-9.800000000000844e-001,-9.800000e-001,3.981537e-010
-9.700000000000844e-001,-9.700000e-001,4.082652e-010
-9.600000000000843e-001,-9.600000e-001,4.185073e-010
-9.500000000000843e-001,-9.500000e-001,4.288800e-010
-9.400000000000843e-001,-9.400000e-001,4.393833e-010
-9.300000000000843e-001,-9.300000e-001,4.500172e-010
-9.200000000000843e-001,-9.200000e-001,4.607817e-010
-9.100000000000843e-001,-9.100000e-001,4.716768e-010
-9.000000000000843e-001,-9.000000e-001,4.827025e-010
-8.900000000000843e-001,-8.900000e-001,4.938588e-010
-8.800000000000843e-001,-8.800000e-001,5.051457e-010
-8.700000000000843e-001,-8.700000e-001,5.165632e-010
-8.600000000000843e-001,-8.600000e-001,5.281113e-010
-8.500000000000842e-001,-8.500000e-001,5.397900e-010
-8.400000000000842e-001,-8.400000e-001,5.515993e-010
-8.300000000000842e-001,-8.300000e-001,5.635392e-010
-8.200000000000842e-001,-8.200000e-001,5.756097e-010
-8.100000000000842e-001,-8.100000e-001,5.878108e-010
-8.000000000000842e-001,-8.000000e-001,6.001425e-010
-7.900000000000842e-001,-7.900000e-001,6.126048e-010
-7.800000000000842e-001,-7.800000e-001,6.251977e-010
-7.700000000000842e-001,-7.700000e-001,6.379212e-010
-7.600000000000842e-001,-7.600000e-001,6.507753e-010
-7.500000000000842e-001,-7.500000e-001,6.637600e-010
-7.400000000000842e-001,-7.400000e-001,6.768753e-010
-7.300000000000841e-001,-7.300000e-001,6.901212e-010
-7.200000000000841e-001,-7.200000e-001,7.034977e-010
-7.100000000000841e-001,-7.100000e-001,7.170048e-010
-7.000000000000841e-001,-7.000000e-001,7.306425e-010
-6.900000000000841e-001,-6.900000e-001,7.444108e-010
-6.800000000000841e-001,-6.800000e-001,7.583097e-010
-6.700000000000841e-001,-6.700000e-001,7.723392e-010
-6.600000000000841e-001,-6.600000e-001,7.864993e-010
-6.500000000000841e-001,-6.500000e-001,8.007900e-010
-6.400000000000841e-001,-6.400000e-001,8.152113e-010
-6.300000000000841e-001,-6.300000e-001,8.297632e-010
-6.200000000000840e-001,-6.200000e-001,8.444457e-010
-6.100000000000840e-001,-6.100000e-001,8.592588e-010
-6.000000000000840e-001,-6.000000e-001,8.742025e-010
-5.900000000000840e-001,-5.900000e-001,8.892768e-010
-5.800000000000840e-001,-5.800000e-001,9.044817e-010
-5.700000000000840e-001,-5.700000e-001,9.198172e-010
-5.600000000000840e-001,-5.600000e-001,9.352833e-010
-5.500000000000840e-001,-5.500000e-001,9.508800e-010
-5.400000000000840e-001,-5.400000e-001,9.666073e-010
-5.300000000000840e-001,-5.300000e-001,9.824652e-010
-5.200000000000840e-001,-5.200000e-001,9.984537e-010
-5.100000000000839e-001,-5.100000e-001,1.014573e-009
-5.000000000000839e-001,-5.000000e-001,1.030823e-009
-4.900000000000839e-001,-4.900000e-001,1.047203e-009
-4.800000000000839e-001,-4.800000e-001,1.063714e-009
-4.700000000000839e-001,-4.700000e-001,1.080355e-009
-4.600000000000839e-001,-4.600000e-001,1.097127e-009
-4.500000000000839e-001,-4.500000e-001,1.114030e-009
-4.400000000000839e-001,-4.400000e-001,1.131063e-009
-4.300000000000839e-001,-4.300000e-001,1.148227e-009
-4.200000000000839e-001,-4.200000e-001,1.165522e-009
-4.100000000000839e-001,-4.100000e-001,1.182947e-009
-4.000000000000838e-001,-4.000000e-001,1.200502e-009
-3.900000000000838e-001,-3.900000e-001,1.218189e-009
-3.800000000000838e-001,-3.800000e-001,1.236006e-009
-3.700000000000838e-001,-3.700000e-001,1.253953e-009
-3.600000000000838e-001,-3.600000e-001,1.272031e-009
-3.500000000000838e-001,-3.500000e-001,1.290240e-009
-3.400000000000838e-001,-3.400000e-001,1.308579e-009
-3.300000000000838e-001,-3.300000e-001,1.327049e-009
-3.200000000000838e-001,-3.200000e-001,1.345650e-009
-3.100000000000838e-001,-3.100000e-001,1.364381e-009
-3.000000000000838e-001,-3.000000e-001,1.383243e-009
-2.900000000000838e-001,-2.900000e-001,1.402235e-009
-2.800000000000837e-001,-2.800000e-001,1.421358e-009
-2.700000000000837e-001,-2.700000e-001,1.440611e-009
-2.600000000000837e-001,-2.600000e-001,1.459995e-009
-2.500000000000837e-001,-2.500000e-001,1.479510e-009
-2.400000000000837e-001,-2.400000e-001,1.499155e-009
-2.300000000000837e-001,-2.300000e-001,1.518931e-009
-2.200000000000837e-001,-2.200000e-001,1.538838e-009
-2.100000000000837e-001,-2.100000e-001,1.558875e-009
-2.000000000000837e-001,-2.000000e-001,1.579042e-009
-1.900000000000837e-001,-1.900000e-001,1.599341e-009
-1.800000000000837e-001,-1.800000e-001,1.619770e-009
-1.700000000000836e-001,-1.700000e-001,1.640329e-009
-1.600000000000836e-001,-1.600000e-001,1.661019e-009
-1.500000000000836e-001,-1.500000e-001,1.681840e-009
-1.400000000000836e-001,-1.400000e-001,1.702791e-009
-1.300000000000836e-001,-1.300000e-001,1.723873e-009
-1.200000000000836e-001,-1.200000e-001,1.745086e-009
-1.100000000000836e-001,-1.100000e-001,1.766429e-009
-1.000000000000836e-001,-1.000000e-001,1.787902e-009
-9.000000000008362e-002,-9.000000e-002,1.809507e-009
-8.000000000008363e-002,-8.000000e-002,1.831242e-009
-7.000000000008363e-002,-7.000000e-002,1.853107e-009
-6.000000000008363e-002,-6.000000e-002,1.875103e-009
-5.000000000008363e-002,-5.000000e-002,1.897230e-009
-4.000000000008363e-002,-4.000000e-002,1.919487e-009
-3.000000000008363e-002,-3.000000e-002,1.941875e-009
-2.000000000008362e-002,-2.000000e-002,1.964394e-009
-1.000000000008362e-002,-1.000000e-002,1.987043e-009
0.000000000000000e+000,0.000000e+000,2.009823e-009
